K1.err 
      0.38       1.73       0.04       0.77       1.73       0.32       1.73       0.06       0.62       1.73       0.56       1.27       1.73       0.10       0.32       1.73       0.09 
      0.41       1.91       0.04       0.58       1.91       0.30       1.91       0.06       0.70       1.91       0.24       0.82       1.91       0.09       0.32       1.91       0.10 
      0.33       2.21       0.04       0.60       2.21       0.29       2.21       0.09       0.47       2.21       0.24       0.92       2.21       0.16       0.36       2.21       0.06 
      0.61       4.12       0.11       0.72       4.12       0.28       4.12       0.06       0.40       4.12       0.26       1.36       4.12       0.09       0.30       4.12       0.07 
      0.32       1.88       0.07       0.71       1.88       0.35       1.88       0.09       0.53       1.88       0.42       1.31       1.88       0.09       0.35       1.88       0.08 
      0.34       4.08       0.04       0.67       4.08       0.30       4.08       0.06       0.41       4.08       0.31       1.38       4.08       0.12       0.36       4.08       0.10 
      0.61       1.72       0.05       0.78       1.72       0.45       1.72       0.08       0.60       1.72       0.32       1.41       1.72       0.08       0.49       1.72       0.08 
      0.56       1.66       0.06       0.75       1.66       0.43       1.66       0.06       0.52       1.66       0.29       1.16       1.66       0.08       0.42       1.66       0.07 
      0.34       2.51       0.04       0.61       2.51       0.28       2.51       0.10       0.76       2.51       0.27       0.96       2.51       0.09       0.73       2.51       0.08 
      0.32       1.99       0.05       0.72       1.99       0.28       1.99       0.07       0.63       1.99       0.37       0.84       1.99       0.08       0.61       1.99       0.06 
      0.41       1.68       0.04       0.86       1.68       0.29       1.68       0.06       0.46       1.68       0.25       0.77       1.68       0.08       0.57       1.68       0.06 
      0.49       1.66       0.04       1.28       1.66       0.27       1.66       0.06       0.67       1.66       0.28       1.27       1.66       0.08       0.59       1.66       0.06 
      0.32       4.68       0.06       0.72       4.68       0.41       4.68       0.06       0.96       4.68       0.40       1.03       4.68       0.12       0.72       4.68       0.06 
      0.38       3.28       0.04       0.71       3.28       0.48       3.28       0.06       0.40       3.28       0.47       0.81       3.28       0.15       0.40       3.28       0.07 
      0.33       1.82       0.04       1.21       1.82       0.49       1.82       0.16       0.43       1.82       0.28       1.37       1.82       0.10       0.30       1.82       0.09 
      0.67       1.77       0.04       0.63       1.77       0.28       1.77       0.08       0.40       1.77       0.30       0.80       1.77       0.14       0.35       1.77       0.07 
      0.32       1.73       0.05       0.97       1.73       0.29       1.73       0.11       0.54       1.73       0.24       0.85       1.73       0.09       0.31       1.73       0.07 
      0.49       1.87       0.05       0.60       1.87       0.51       1.87       0.07       0.57       1.87       0.47       0.77       1.87       0.11       0.35       1.87       0.06 
      0.60       2.27       0.05       1.20       2.27       0.28       2.27       0.06       0.66       2.27       0.25       0.80       2.27       0.08       0.31       2.27       0.08 
      0.70       1.72       0.05       0.81       1.72       0.33       1.72       0.09       0.47       1.72       0.30       1.55       1.72       0.10       0.42       1.72       0.06 
